INSERT 86 8.60 17.20
INSERT 134 13.40 26.80
INSERT 97 9.70 19.40
INSERT 266 26.60 53.20
INSERT 300 30.00 60.00
INSERT 10 1.00 2.00
INSERT 191 19.10 38.20
INSERT 209 20.90 41.80
INSERT 237 23.70 47.40
INSERT 24 2.40 4.80
INSERT 1 0.10 0.20
INSERT 6 0.60 1.20
INSERT 166 16.60 33.20
INSERT 226 22.60 45.20
INSERT 284 28.40 56.80
INSERT 166 16.60 33.20
INSERT 244 24.40 48.80
INSERT 247 24.70 49.40
INSERT 65 6.50 13.00
INSERT 259 25.90 51.80
INSERT 212 21.20 42.40
INSERT 46 4.60 9.20
INSERT 53 5.30 10.60
INSERT 71 7.10 14.20
INSERT 155 15.50 31.00
INSERT 290 29.00 58.00
INSERT 300 30.00 60.00
INSERT 83 8.30 16.60
INSERT 130 13.00 26.00
INSERT 146 14.60 29.20
INSERT 88 8.80 17.60
INSERT 78 7.80 15.60
INSERT 278 27.80 55.60
INSERT 292 29.20 58.40
INSERT 223 22.30 44.60
INSERT 252 25.20 50.40
INSERT 219 21.90 43.80
INSERT 235 23.50 47.00
INSERT 56 5.60 11.20
INSERT 6 0.60 1.20
INSERT 44 4.40 8.80
INSERT 278 27.80 55.60
INSERT 101 10.10 20.20
INSERT 255 25.50 51.00
INSERT 14 1.40 2.80
INSERT 46 4.60 9.20
INSERT 209 20.90 41.80
INSERT 213 21.30 42.60
INSERT 131 13.10 26.20
INSERT 197 19.70 39.40
